11837
23806
19723
13306
17284
21495
4278
25475
24600
23663
16794
26885
9663
9520
22678
14797
13218
21513
992
7367
28552
29339
3262
15962
4716
6246
6528
5125
9899
7252
29907
24046
3979
21425
27470
5407
3002
252
19632
17098
20756
29721
2412
812
3622
8009
21906
27000
25507
29356
4873
3845
20480
27885
2324
22152
6017
18414
10655
3187
9402
8350
14199
12
9669
9835
19728
16095
25916
27078
15243
26638
5457
15750
13224
1100
12774
18495
3145
16188
14386
14317
19337
17481
12406
20349
15046
5408
28993
24862
19469
15891
10848
7071
18956
19362
5036
14096
457
22424
17439
3549
18871
11947
29985
17599
15242
16693
15345
18446
18825
26641
10591
10007
7368
29686
13267
3138
15185
21451
9670
3801
1804
12354
14788
348
29037
14103
29297
21277
20106
16005
17155
14221
16400
7621
29317
5920
17926
20172
3618
25367
4751
16253
20167
8771
24577
10806
14916
9047
12875
24424
19595
19486
16807
10610
23059
17122
20534
4821
2559
22951
19919
7010
27908
12630
22241
18206
499
486
6640
21533
14591
7903
16943
17518
20642
12988
21063
12803
21675
11547
13171
20913
5172
10442
5054
3893
29708
19729
18518
18727
29324
10555
24144
647
3324
26454
23503
19625
25251
1802
28574
22941
12328
365
4707
3469
17284
16780
5197
9498
19428
17801
23002
28987
18629
19292
14888
12755
15854
14213
21056
28512
28301
26356
26557
752
6321
27754
9228
13427
22770
102
940
2448
13301
28009
9196
29939
6908
4901
21353
24777
23839
13208
18448
16211
21266
4395
24317
23047
3544
13136
1253
8443
1868
937
24539
27299
29543
17888
27895
9640
12639
20573
4025
14773
662
28679
20843
16611
9934
4461
27331
3172
20702
9156
9672
27619
8986
29639
28830
29270
2158
12236
25744
22079
11004
25518
12688
12946
26547
4543
26288
15151
21366
25678
997
4396
25528
23179
25191
4648
29315
18701
2546
15689
11692
3840
18731
28665
5518
4515
18529
5615
14029
13387
18011
26566
19266
14559
18773
26053
8240
9257
1298
1829
15695
4497
13981
13536
412
26263
9206
18841
16887
22937
26311
7051
17236
15246
24384
20086
12743
22438
7194
24456
23142
28582
268
11209
5960
26868
3334
27498
27927
10680
22219
5013
21828
23285
7687
12961
18635
10682
5934
11213
18519
27899
6352
8954
11913
29200
232
6918
27971
25992
22176
13683
24959
14770
15946
1878
15542
17478
12495
1778
4603
28995
11995
28
11701
12051
4634
15325
9326
14529
18298
16273
19707
23477
12997
16776
13886
10353
9608
11218
13243
18772
17453
6852
21926
20764
20547
765
25237
18229
11985
24758
7433
22822
16800
17173
467
20665
12915
11551
8275
28214
4698
25990
2866
28185
1095
14937
26046
9192
27447
22363
4993
12004
3860
26351
6598
2827
16566
24615
28067
25620
3085
16385
3322
26384
16310
2791
11141
12134
14188
6564
4473
29152
23060
17337
22691
2143
12786
8306
6355
10795
25220
7273
19728
16772
5763
4964
27700
25351
16340
28026
20850
4276
5494
19358
12816
19667
25083
11097
10909
9685
6968
15057
3239
23367
27290
25769
2198
14798
7298
18196